function [x_gaussian, w_gaussian] = get_gaussianPoints_line()

    xw=[-0.3399810435848563 0.6521451548625461
        0.3399810435848563 0.6521451548625461
        -0.8611363115940526 0.3478548451374538
        0.8611363115940526 0.3478548451374538];


    x_gaussian = xw(:,1);
    w_gaussian = xw(:,2);

end

